0	0.5
0.043031075	1
0.038660888	1.5
0.032303992	2
0.02910276	2.5
0.029761378	3
0.030450497	3.5
0.035775851	4
0.043914065	4.5
0.049750046	5
0.052274408	5.5
0.053237833	6
0.049852193	6.5
0.046711868	7
0.037408283	7.5
0.031195156	8
0	8.5
-0.013886528	9
-0.020534192	9.5
-0.060880799	10
-0.082855654	10.5
-0.096645469	11
-0.101387066	11.5
-0.10608219	12
-0.107801338	12.5
-0.108470999	13
-0.106903974	13.5
-0.105088126	14
-0.103101953	14.5
-0.101924233	15
-0.100938889	15.5
-0.097665597	16
-0.095496474	16.5
-0.09672267	17
-0.096327958	17.5
-0.093334199	18
-0.0837535	18.5
-0.070480624	19
-0.061832843	19.5
-0.055993887	20
-0.032937093	20.5
-0.017518377	21
-0.015412673	21.5
0	22
0.042223873	22.5
0.047738366	23
0.054598131	23.5
0.05688911	24
0.059380772	24.5
0.060967914	25
0.062342782	25.5
0.061722848	26
0.059350513	26.5
0.057232635	27
0.055511057	27.5
0.053890026	28
0.051806378	28.5
0.049813789	29
0.047557949	29.5
0.045115874	30
0.042935475	30.5
0.041830668	31
0.040781292	31.5
0.039401765	32
0.037745173	32.5
0.036222258	33
0.033091954	33.5
0.030271349	34
0.026331511	34.5
0.019320958	35
0.015258504	35.5
0.00653414	36
0.002990615	36.5
0.00193905	37
0.001471749	37.5
0	38
-0.0010152	38.5
-0.001067451	39
-0.001236295	39.5
-0.001468588	40
-0.001589639	40.5
0	41
0.00173091	41.5
0.001907679	42
0.002182156	42.5
0.002548891	43
0.002331774	43.5
0	44
-0.001490425	44.5
-0.001427966	45
-0.001783051	45.5
-0.002373179	46
-0.003266495	46.5
-0.002557755	47
-0.002101736	47.5
-0.001783719	48
-0.00224969	48.5
0	49
0	49.5
0	50
0	50.5
0.000986681	51
0.00069631	51.5
0.000935174	52
0	52.5
0	53
0	53.5
0	54
0.003139024	54.5
0.002222788	55
0.002232304	55.5
0.002370809	56
0.002527638	56.5
0.002573086	57
0.002186117	57.5
0.001900325	58
0.001680617	58.5
0.001587361	59
0.001585226	59.5
0	60
0	60.5
0	61
0	61.5
0.001118938	62
0.001043872	62.5
0.001188874	63
0.001380657	63.5
0.001646216	64
0.001934143	64.5
0.002262577	65
0.002725368	65.5
0.002994082	66
0.002492278	66.5
0.002134533	67
0.001903829	67.5
0	68
0	68.5
-0.002126541	69
-0.002360582	69.5
-0.002652509	70
-0.003187812	70.5
-0.005210536	71
0	71.5
0	72
0.006409601	72.5
0.003765376	73
0.004384728	73.5
0.007257118	74
0.016933087	74.5
0.022404055	75
0.033097702	75.5
0.043016321	76
0.049360181	76.5
0.056642351	77
0.060441221	77.5
0.064786286	78
0.067050987	78.5
0.068759475	79
0.068926388	79.5
0.066985565	80
0.065293686	80.5
0.065382625	81
0.065471806	81.5
0.067461955	82
0.070379105	82.5
0.072162784	83
0.071601254	83.5
0.071048395	84
0.070008158	84.5
0.068993112	85
0.069142727	85.5
0.070055241	86
0.069805297	86.5
0.065501257	87
0.061697147	87.5
0.052576263	88
0.04479683	88.5
0.035285393	89
0.025235556	89.5
0.01964138	90
0	90.5
0	91
-0.012272763	91.5
-0.017017239	92
-0.027741844	92.5
-0.034887404	93
-0.037654893	93.5
-0.040776347	94
-0.041506364	94.5
-0.042262997	95
-0.042031524	95.5
-0.03902439	96
-0.036418816	96.5
-0.033852425	97
-0.031213659	97.5
-0.028956524	98
-0.028388805	98.5
-0.029763986	99
-0.031279181	99.5
-0.032111358	100
-0.03192666	100.5
-0.031744074	101
-0.028348034	101.5
-0.022240432	102
-0.018298096	102.5
-0.014982166	103
-0.011618973	103.5
-0.009488906	104
-0.008168933	104.5
-0.008961691	105
-0.009924853	105.5
-0.011119978	106
-0.007506629	106.5
-0.005321902	107
-0.004122183	107.5
-0.003577676	108
0	108.5
0.003135383	109
0.00305534	109.5
0	110
0	110.5
-0.004628482	111
-0.005247862	111.5
-0.00603912	112
-0.00711135	112.5
-0.009984905	113
0	113.5
0	114
0	114.5
0.002129257	115
0.001353289	115.5
0	116
0	116.5
-0.005038009	117
-0.006107778	117.5
-0.007585878	118
-0.009493939	118.5
-0.010665495	119
-0.012166895	119.5
-0.013490628	120
-0.014724213	120.5
-0.016501795	121
-0.021457958	121.5
-0.030669159	122
-0.040458877	122.5
-0.051756297	123
-0.064548191	123.5
-0.067108693	124
-0.069880726	124.5
-0.069688662	125
-0.069390626	125.5
-0.067591628	126
-0.065177725	126.5
-0.062730149	127
-0.06016883	127.5
-0.058491156	128
-0.061832194	128.5
-0.065578036	129
-0.069972724	129.5
-0.075024277	130
-0.077538889	130.5
-0.07847805	131
-0.077552367	131.5
-0.074639344	132
-0.073100821	132.5
-0.074243401	133
-0.075294782	133.5
-0.075792308	134
-0.076331939	134.5
-0.077447674	135
-0.07859651	135.5
-0.078760916	136
-0.078850045	136.5
-0.071886636	137
-0.064472368	137.5
-0.056838946	138
-0.049836241	138.5
-0.044622981	139
-0.040909589	139.5
-0.037766751	140
-0.032774675	140.5
-0.0289141	141
-0.007342805	141.5
-0.003331727	142
-0.002442121	142.5
0	143
0.009779029	143.5
0.01936423	144
0.024582195	144.5
0.031803606	145
0.037837083	145.5
0.046695759	146
0.051454889	146.5
0.056349298	147
0.062160632	147.5
0.069228947	148
0.075653693	148.5
0.080230295	149
0.084467156	149.5
0.087281433	150
0.089658026	150.5
0.090374139	151
0.090203739	151.5
0.086964629	152
0.085053598	152.5
0.087201361	153
0.089152419	153.5
0.090297096	154
0.091854958	154.5
0.094291469	155
0.095995015	155.5
0.096507526	156
0.094485923	156.5
0.090356931	157
0.087189618	157.5
0.084593206	158
0.077504835	158.5
0.06990541	159
0.067602892	159.5
0.067072617	160
0.070138919	160.5
0.075376866	161
0.079332099	161.5
0.082446704	162
0.084160862	162.5
0.084529642	163
0.082270759	163.5
0.076898009	164
0.07335335	164.5
0.072999359	165
0.072727754	165.5
0.072968975	166
0.073211802	166.5
0.073372251	167
0.073531509	167.5
0.073162429	168
0.072647243	168.5
0.069234879	169
0.063641911	169.5
0.059460082	170
0.059064225	170.5
0.058673603	171
0.058899869	171.5
0.059371149	172
0.058299448	172.5
0.052317014	173
0.047448098	173.5
0.040706209	174
0.034489724	174.5
0.029920403	175
0.011751545	175.5
0.007275944	176
0.006224856	176.5
0	177
-0.011134537	177.5
-0.013675913	178
-0.014309656	178.5
-0.015004989	179
-0.016634058	179.5
-0.019066759	180
-0.022332906	180.5
-0.025226127	181
-0.028532856	181.5
-0.032837283	182
-0.03344741	182.5
-0.033133305	183
-0.032825045	183.5
-0.033095848	184
-0.033557479	184.5
-0.034032171	185
-0.035323136	185.5
-0.037239967	186
-0.039376772	186.5
-0.040346876	187
-0.039545174	187.5
-0.038774711	188
-0.037761651	188.5
-0.03575142	189
-0.033944399	189.5
-0.032311257	190
-0.030466372	190.5
-0.028789952	191
-0.027288401	191.5
-0.020632402	192
-0.015009251	192.5
-0.01179472	193
-0.005219657	193.5
-0.002232015	194
-0.001419511	194.5
-0.001194898	195
-0.001721581	195.5
-0.003078525	196
-0.007732826	196.5
-0.008382386	197
-0.00915108	197.5
-0.009452274	198
-0.008728765	198.5
-0.008108141	199
-0.005959448	199.5
-0.004077946	200
-0.003099408	200.5
-0.003497911	201
-0.00450458	201.5
-0.006079821	202
-0.007310563	202.5
-0.009166054	203
-0.008647447	203.5
-0.006868968	204
-0.005933796	204.5
-0.006954055	205
-0.008398012	205.5
-0.010362769	206
-0.013411183	206.5
-0.016646834	207
-0.019066719	207.5
-0.021690429	208
-0.023789909	208.5
-0.027192767	209
-0.035840447	209.5
-0.050327034	210
-0.065766898	210.5
-0.088119092	211
-0.095935755	211.5
-0.10332472	212
-0.106753703	212.5
-0.11389619	213
-0.127271921	213.5
-0.133059532	214
-0.133957897	214.5
-0.124251212	215
-0.117164952	215.5
-0.118514733	216
-0.120655768	216.5
-0.123713254	217
-0.129097939	217.5
-0.135289082	218
-0.127434202	218.5
-0.117676442	219
-0.104568383	219.5
-0.091253532	220
-0.079458748	220.5
-0.065367223	221
-0.054634358	221.5
-0.054629044	222
-0.055569645	222.5
-0.055925176	223
-0.056270065	223.5
-0.052178153	224
-0.04862674	224.5
-0.044687765	225
-0.041295712	225.5
-0.036687042	226
-0.032625262	226.5
-0.029777546	227
-0.027749786	227.5
-0.026399544	228
-0.027662831	228.5
-0.029053098	229
-0.029707565	229.5
-0.030036925	230
-0.029441781	230.5
-0.025172342	231
-0.02198433	231.5
-0.014653517	232
-0.009438435	232.5
-0.006961047	233
0	233.5
0	234
0.002783397	234.5
0.002593991	235
0.00242872	235.5
0.002338595	236
0.002632956	236.5
0.00301209	237
0.003507969	237.5
0.00412918	238
0.005017753	238.5
0.006169109	239
0.006160192	239.5
0.006151301	240
0.006148441	240.5
0.006993065	241
0.008106697	241.5
0.0096422	242
0.010032812	242.5
0.010113576	243
0.010195651	243.5
0.008542936	244
0.006608763	244.5
0.005388723	245
0.004186545	245.5
0.002887601	246
0.002203827	246.5
0.001781884	247
0.001039229	247.5
0.000730955	248
0.000563731	248.5
0.000631116	249
0.000797669	249.5
0.001083646	250
0.001404685	250.5
0.001862818	251
0.002764425	251.5
0.002437561	252
0.002043975	252.5
0.001877335	253
0.003123906	253.5
0	254
0	254.5
-0.001455655	255
-0.000871992	255.5
-0.001492746	256
0	256.5
0	257
0.003777327	257.5
0.003343235	258
0.006580447	258.5
0.021301505	259
0.031804556	259.5
0.050447954	260
0.061051619	260.5
0.072123109	261
0.078400106	261.5
0.084422762	262
0.090021317	262.5
0.099052874	263
0.11131288	263.5
0.116250806	264
0.120833364	264.5
0.123925114	265
0.128620067	265.5
0.135050378	266
0.13559904	266.5
0.136243751	267
0.139998556	267.5
0.140439687	268
0.138747815	268.5
0.131416381	269
0.12880148	269.5
0.131891092	270
0.135534268	270.5
0.138835577	271
0.133871384	271.5
0.124035142	272
0.107944204	272.5
0.092963891	273
0.080276307	273.5
0.077359983	274
0.076633531	274.5
0.067659058	275
0.060477484	275.5
0.056323254	276
0.052727799	276.5
0.049648301	277
0.046067182	277.5
0.041178522	278
0.039033688	278.5
0.042091419	279
0.044902226	279.5
0.044424707	280
0.043957238	280.5
0.046686875	281
0.04992362	281.5
0.05046298	282
0.049392266	282.5
0.046676896	283
0.039874777	283.5
0.034803012	284
0.035506619	284.5
0.037738018	285
0.039692079	285.5
0.040853002	286
0.042137534	286.5
0.044726448	287
0.047654309	287.5
0.052910563	288
0.060179422	288.5
0.065367536	289
0.067625629	289.5
0.070130829	290
0.073020182	290.5
0.075964139	291
0.077947072	291.5
0.080033176	292
0.080618902	292.5
0.081213264	293
0.081622604	293.5
0.082013907	294
0.080252142	294.5
0.078148534	295
0.071075497	295.5
0.063874875	296
0.057474604	296.5
0.051969357	297
0.040293119	297.5
0.028326815	298
0.023042558	298.5
0	299
-0.022937042	299.5
-0.030008531	300
-0.043462288	300.5
-0.053945893	301
-0.059108004	301.5
-0.063177176	302
-0.061250092	302.5
-0.059437092	303
-0.053816706	303.5
-0.048141959	304
-0.043840912	304.5
-0.041544831	305
-0.039477287	305.5
-0.03735179	306
-0.035244773	306.5
-0.033362776	307
-0.032000235	307.5
-0.03079627	308
-0.029078318	308.5
-0.024087081	309
-0.020558291	309.5
-0.014866999	310
0	310.5
0.006111696	311
0.005691394	311.5
0.00788324	312
0.012820693	312.5
0.021331764	313
0.0233624	313.5
0.025820315	314
0.028436819	314.5
0.030563479	315
0.033033936	315.5
0.035517675	316
0.035450937	316.5
0.035384451	317
0.035318213	317.5
0.033574213	318
0.031775157	318.5
0.030159097	319
0.028907285	319.5
0.027902797	320
0.026965773	320.5
0.025964006	321
0.024667316	321.5
0.023493984	322
0.022427206	322.5
0.021958042	323
0.021585107	323.5
0.021224629	324
0.021360835	324.5
0.022180487	325
0.023065552	325.5
0.024024186	326
0.025034436	326.5
0.026131034	327
0.027328104	327.5
0.028492556	328
0.029494985	328.5
0.030570522	329
0.031727465	329.5
0.032010456	330
0.031990366	330.5
0.031970301	331
0.031970943	331.5
0.032198868	332
0.032430066	332.5
0.032664608	333
0.032983602	333.5
0.033436798	334
0.033902622	334.5
0.034381608	335
0.034580673	335.5
0.034642714	336
0.034704978	336.5
0.034767466	337
0.034542735	337.5
0.034300369	338
0.034061381	338.5
0.033765793	339
0.033164967	339.5
0.03258515	340
0.032025258	340.5
0.03172813	341
0.031835056	341.5
0.031942706	342
0.032051086	342.5
0.031714184	343
0.031090218	343.5
0.030490332	344
0.029913156	344.5
0.027231513	345
0.024557294	345.5
0.022361341	346
0.020478917	346.5
0.017395799	347
0.01511954	347.5
0.013370054	348
0.011953513	348.5
0.010767325	349
0.009795304	349.5
0.00898425	350
0.008475207	350.5
0.008045159	351
0.007656645	351.5
0.007707845	352
0.008198261	352.5
0.008755324	353
0.009345392	353.5
0.009887505	354
0.010496386	354.5
0.007955258	355
0.003195746	355.5
0.001999484	356
0.001670828	356.5
0	357
-0.006048531	357.5
-0.031448602	358
-0.038441668	358.5
-0.049434071	359
-0.056504651	359.5
-0.058388712	360
-0.06040275	360.5
-0.062299797	361
-0.06429182	361.5
-0.065986444	362
-0.066624895	362.5
-0.067275822	363
-0.066333788	363.5
-0.064714417	364
-0.063372898	364.5
-0.063723782	365
-0.064078574	365.5
-0.064858654	366
-0.065979433	366.5
-0.066974949	367
-0.066477209	367.5
-0.065986813	368
-0.065078997	368.5
-0.063981289	369
-0.062020243	369.5
-0.056973928	370
-0.052687017	370.5
-0.046337703	371
-0.040372337	371.5
-0.035474157	372
-0.026690315	372.5
-0.021393114	373
-0.013211895	373.5
0	374
0.00489904	374.5
0.005298077	375
0.00792216	375.5
0.01569645	376
0.021346895	376.5
0.024659461	377
0.029188938	377.5
0.031019394	378
0.03248054	378.5
0.034086143	379
0.035018891	379.5
0.035849391	380
0.036720239	380.5
0.037875931	381
0.039203774	381.5
0.040628101	382
0.039253805	382.5
0.03586582	383
0.033016201	383.5
0.030378897	384
0.027689551	384.5
0.025437639	385
0.023549837	385.5
0.023057355	386
0.022585049	386.5
0.022131704	387
0.018991468	387.5
0.015954269	388
0.013754577	388.5
0.011124221	389
0.008404853	389.5
0.006753844	390
0.005644973	390.5
0.004863018	391
0.004271774	391.5
0.003808712	392
0.003372618	392.5
0.002973891	393
0.002659475	393.5
0.002405186	394
0.001610633	394.5
0.001197006	395
0.000952415	395.5
0.000926124	396
0.001326005	396.5
0	397
0	397.5
0	398
0	398.5
-0.001642545	399
-0.001196686	399.5
-0.001603667	400
0	400.5
0	401
0	401.5
0	402
0.006789381	402.5
0.004669025	403
0.003972015	403.5
0.004154342	404
0.004354215	404.5
0.004574291	405
0.004651098	405.5
0.004564665	406
0.004481385	406.5
0.00440109	407
0.004542449	407.5
0.004910154	408
0.005342634	408.5
0.005858657	409
0.006102671	409.5
0.00605321	410
0.006004545	410.5
0.005956657	411
0.006080412	411.5
0.00641806	412
0.006795413	412.5
0.007219911	413
0.007656108	413.5
0.008070124	414
0.008531477	414.5
0.009048778	415
0.009501983	415.5
0.009723164	416
0.009954887	416.5
0.010197925	417
0.010624093	417.5
0.011434404	418
0.012378528	418.5
0.013492594	419
0.014421163	419.5
0.015087323	420
0.015818007	420.5
0.016623067	421
0.017681099	421.5
0.018921791	422
0.020349743	422.5
0.021965581	423
0.023707961	423.5
0.02575058	424
0.028178358	424.5
0.02995703	425
0.031540971	425.5
0.033301761	426
0.034693334	426.5
0.034576167	427
0.034459789	427.5
0.034344192	428
0.023427252	428.5
0.016922965	429
0.013245512	429.5
0.01245115	430
0	430.5
-0.015520495	431
-0.01767128	431.5
-0.020343686	432
-0.023968397	432.5
-0.029164798	433
-0.031683797	433.5
-0.033909827	434
-0.036472285	434.5
-0.038233934	435
-0.039031805	435.5
-0.039863686	436
-0.04061593	436.5
-0.040535234	437
-0.040454859	437.5
-0.040374802	438
-0.039649873	438.5
-0.03865376	439
-0.037706471	439.5
-0.036364549	440
-0.033404845	440.5
-0.03089066	441
-0.02872844	441.5
-0.026609534	442
-0.024682511	442.5
-0.023015746	443
-0.021710868	443.5
-0.021213563	444
-0.02073853	444.5
-0.020284306	445
-0.020256492	445.5
-0.020440516	446
-0.020627914	446.5
-0.020809223	447
-0.020885471	447.5
-0.020962279	448
-0.021039654	448.5
-0.019330927	449
-0.0162233	449.5
-0.013976454	450
-0.012276254	450.5
-0.004771549	451
0	451.5
0	452
0.001371523	452.5
0.00174845	453
0.002426658	453.5
0.003964422	454
0.007434162	454.5
0.007926077	455
0.008487706	455.5
0.009134996	456
0.009687703	456.5
0.010159768	457
0.010680196	457.5
0.011260108	458
0.012282206	458.5
0.013508384	459
0.015006543	459.5
0.017029811	460
0.019846614	460.5
0.023779911	461
0.028659151	461.5
0.03083354	462
0.033364961	462.5
0.036349218	463
0.037298715	463.5
0.038001768	464
0.038731834	464.5
0.039424483	465
0.040103624	465.5
0.040806574	466
0.04084957	466.5
0.039966306	467
0.039120431	467.5
0.038423847	468
0.038143237	468.5
0.037866696	469
0.037577195	469.5
0.036850784	470
0.036151924	470.5
0.035479079	471
0.029938791	471.5
0.025231364	472
0.021803145	472.5
0.00780084	473
0.003888685	473.5
0.002589859	474
0.002256018	474.5
0	475
-0.002511813	475.5
-0.002261978	476
0	476.5
0.001373615	477
0.001355371	477.5
0.001746644	478
0.002455509	478.5
0.003406728	479
0.004551857	479.5
0.006856623	480
0.007166791	480.5
0.006727113	481
0.007007412	481.5
0.01259546	482
0	482.5
0	483
0.012083337	483.5
0.010344088	484
0.015540316	484.5
0.027154347	485
0.033280805	485.5
0.042705037	486
0.04559506	486.5
0.048904634	487
0.053358262	487.5
0.058758552	488
0.070644359	488.5
0.089541036	489
0.093164731	489.5
0.095208139	490
0.093015968	490.5
0.092158179	491
0.10669397	491.5
0.123618425	492
0.134938976	492.5
0.136690137	493
0.126659824	493.5
0.124371129	494
0.126356311	494.5
0.15450223	495
0.177132777	495.5
0.18337272	496
0.166045635	496.5
0.157397984	497
0.157939879	497.5
0.165582978	498
0.168948266	498.5
0.16765029	499
0.168713344	499.5
0.169142106	500
0.168118246	500.5
0.153301506	501
0.141697817	501.5
0.132465978	502
0.127484729	502.5
0.114401997	503
0.096875479	503.5
0.076910786	504
0.06466705	504.5
0.0714324	505
0.078580005	505.5
0.085058096	506
0.083145708	506.5
0.076809089	507
0.070758239	507.5
0.06548756	508
0.059442323	508.5
0.054141082	509
0.046798554	509.5
0.040774496	510
0.030469588	510.5
0.024322564	511
0.019961612	511.5
0.016907722	512
0.017021009	512.5
0.018399566	513
0.014707408	513.5
0.009102325	514
0.006590605	514.5
0	515
-0.00625303	515.5
-0.006312423	516
-0.006596119	516.5
-0.006906514	517
-0.007246191	517.5
-0.007620854	518
-0.008119155	518.5
-0.009032036	519
-0.010176203	519.5
-0.01121084	520
-0.011858451	520.5
-0.01258547	521
-0.013120994	521.5
-0.013484423	522
-0.013868557	522.5
-0.014134667	523
-0.014323066	523.5
-0.014516554	524
-0.014713063	524.5
-0.01491317	525
-0.015118796	525.5
-0.015535931	526
-0.016274505	526.5
-0.017086808	527
-0.017844862	527.5
-0.018224443	528
-0.018620524	528.5
-0.019034203	529
-0.016813854	529.5
-0.015046317	530
-0.013615051	530.5
-0.010766487	531
-0.008481392	531.5
-0.006996455	532
-0.006185077	532.5
-0.005975916	533
-0.005780439	533.5
-0.005597346	534
-0.006027726	534.5
-0.006618227	535
-0.00733699	535.5
-0.007892747	536
-0.008030183	536.5
-0.008172491	537
-0.008319933	537.5
-0.007802449	538
-0.007245814	538.5
-0.006763312	539
-0.006110733	539.5
-0.004981102	540
-0.004203958	540.5
-0.003636584	541
-0.002924362	541.5
-0.002302225	542
-0.001898363	542.5
-0.001615047	543
-0.00113869	543.5
-0.00085121	544
-0.000679627	544.5
-0.000569821	545
-0.000714904	545.5
-0.000959103	546
-0.001456677	546.5
-0.002616772	547
-0.002957937	547.5
-0.0034014	548
-0.004001284	548.5
-0.004479315	549
-0.004010349	549.5
-0.003630274	550
-0.003316004	550.5
-0.003198756	551
-0.003499863	551.5
-0.003863549	552
-0.004311584	552.5
-0.004853	553
-0.005462731	553.5
-0.006247692	554
-0.007296096	554.5
-0.008555264	555
-0.009064234	555.5
-0.009637593	556
-0.010288387	556.5
-0.011024027	557
-0.011603159	557.5
-0.012246512	558
-0.012965396	558.5
-0.013773943	559
-0.014294124	559.5
-0.01478771	560
-0.015316604	560.5
-0.015884733	561
-0.016494307	561.5
-0.017151454	562
-0.017863138	562.5
-0.018636439	563
-0.01952307	563.5
-0.020532451	564
-0.021651896	564.5
-0.022900446	565
-0.023911716	565.5
-0.024666395	566
-0.025470263	566.5
-0.026328292	567
-0.027028552	567.5
-0.027601744	568
-0.028199774	568.5
-0.028824293	569
-0.029325454	569.5
-0.02977817	570
-0.030245082	570.5
-0.03072687	571
-0.03030569	571.5
-0.029801935	572
-0.029314653	572.5
-0.028471574	573
-0.026182407	573.5
-0.024233952	574
-0.022555412	574.5
-0.018248012	575
-0.014097287	575.5
-0.01148491	576
-0.008942002	576.5
0	577
0	577.5
0.001810538	578
0.002033522	578.5
0.002966107	579
0.005478646	579.5
0.011719977	580
0.014273313	580.5
0.018249097	581
0.023896136	581.5
0.026593042	582
0.029976134	582.5
0.034140643	583
0.036308102	583.5
0.038769424	584
0.041588718	584.5
0.043130997	585
0.044770423	585.5
0.046539404	586
0.0460382	586.5
0.045473529	587
0.044920212	587.5
0.043273963	588
0.041744113	588.5
0.039413666	589
0.029662293	589.5
0.023779087	590
0.019830287	590.5
0	591
-0.014818521	591.5
-0.014632452	592
-0.019011999	592.5
-0.027133012	593
-0.036909705	593.5
-0.039792527	594
-0.043163825	594.5
-0.045907333	595
-0.047692721	595.5
-0.0496226	596
-0.050653481	596.5
-0.050820425	597
-0.050988474	597.5
-0.051174323	598
-0.051374531	598.5
-0.051576313	599
-0.049844091	599.5
-0.046943651	600
-0.044362204	600.5
-0.035565177	601
-0.026831545	601.5
-0.021541632	602
-0.004224352	602.5
-0.001752805	603
-0.001105821	603.5
-0.001264483	604
0	604.5
0.006638245	605
0.010410309	605.5
0.01595069	606
0.027540956	606.5
0.034256707	607
0.045303873	607.5
0.05206542	608
0.054900762	608.5
0.057868117	609
0.060406895	609.5
0.063178655	610
0.06863963	610.5
0.075635293	611
0.080815454	611.5
0.08407261	612
0.086829066	612.5
0.088234818	613
0.089638087	613.5
0.090830972	614
0.092062934	614.5
0.093830799	615
0.095667889	615.5
0.073310436	616
0.058233842	616.5
0	617
-0.016005451	617.5
-0.022005937	618
-0.046353921	618.5
-0.053746783	619
-0.059067788	619.5
-0.073265543	620
-0.094134512	620.5
-0.108825618	621
-0.122170042	621.5
-0.119997295	622
-0.121072834	622.5
-0.126728805	623
-0.132902789	623.5
-0.139685178	624
-0.133686087	624.5
-0.126754444	625
-0.122145697	625.5
-0.115984446	626
-0.108170053	626.5
-0.105638452	627
-0.105352767	627.5
-0.104117559	628
-0.102473905	628.5
-0.085233654	629
-0.073140042	629.5
-0.066154323	630
-0.061042754	630.5
-0.063098686	631
-0.06542435	631.5
-0.069099458	632
-0.072518245	632.5
-0.069745241	633
-0.067098921	633.5
-0.061847657	634
-0.05735868	634.5
-0.056013294	635
-0.055077589	635.5
-0.054444063	636
-0.053976655	636.5
-0.053503519	637
-0.053003008	637.5
-0.052511774	638
-0.048811232	638.5
-0.04494057	639
-0.040924506	639.5
-0.035872915	640
-0.031931403	640.5
-0.031817112	641
-0.033392516	641.5
-0.035125432	642
-0.036932972	642.5
-0.038936634	643
-0.040113587	643.5
-0.040088052	644
-0.04006255	644.5
-0.044209974	645
-0.050171497	645.5
-0.056249866	646
-0.059360187	646.5
-0.062834611	647
-0.057478023	647.5
-0.051098277	648
-0.047030815	648.5
-0.045818477	649
-0.044667071	649.5
-0.047451653	650
-0.051668944	650.5
-0.055628207	651
-0.057645244	651.5
-0.059814058	652
-0.060308275	652.5
-0.06022913	653
-0.059810643	653.5
-0.057420515	654
-0.055214074	654.5
-0.053825938	655
-0.053209781	655.5
-0.052607572	656
-0.049562072	656.5
-0.046267298	657
-0.043420791	657.5
-0.042191801	658
-0.041030468	658.5
-0.040945203	659
-0.044555808	659.5
-0.048864772	660
-0.05050478	660.5
-0.047521713	661
-0.044871383	661.5
-0.036388906	662
-0.027507817	662.5
-0.022111321	663
-0.019455274	663.5
-0.017851859	664
-0.016492613	664.5
-0.018550427	665
-0.022586572	665.5
-0.028706081	666
-0.029364146	666.5
-0.030053091	667
-0.029874427	667.5
-0.028175472	668
-0.026659359	668.5
-0.028677466	669
-0.032204286	669.5
-0.037396127	670
-0.046361365	670.5
-0.060871797	671
-0.067005732	671.5
-0.074514406	672
-0.076552011	672.5
-0.075554099	673
-0.077203342	673.5
-0.083192597	674
-0.089070638	674.5
-0.091830512	675
-0.093925361	675.5
-0.089658252	676
-0.085844712	676.5
-0.085298002	677
-0.084758212	677.5
-0.08479647	678
-0.084865071	678.5
-0.083314497	679
-0.081554321	679.5
-0.077191287	680
-0.07227692	680.5
-0.066355044	681
-0.059887541	681.5
-0.052617808	682
-0.041371044	682.5
-0.034085464	683
-0.009744245	683.5
-0.005368533	684
-0.005187626	684.5
0	685
0.017034388	685.5
0.021555149	686
0.029342315	686.5
0.036782642	687
0.040903552	687.5
0.046064327	688
0.046601585	688.5
0.046763751	689
0.046848353	689.5
0.046631299	690
0.046416246	690.5
0.045803572	691
0.044653799	691.5
0.043560336	692
0.040395244	692.5
0.036153896	693
0.03271857	693.5
0.030254515	694
0.028369581	694.5
0.026705745	695
0.027184255	695.5
0.029166424	696
0.031460391	696.5
0.030738793	697
0.028112203	697.5
0.025899154	698
0.012817136	698.5
0.006514247	699
0.004366835	699.5
0.003599571	700
0	700.5
0	701
-0.003400976	701.5
0	702
0	702.5
0.002572293	703
0.003167388	703.5
0.004304217	704
0.006713978	704.5
0.008555861	705
0.008136366	705.5
0.007756085	706
0.007157187	706.5
0.005672939	707
0.004698558	707.5
0.004009831	708
0.003700111	708.5
0.003524973	709
0.003365665	709.5
0.003241698	710
0.003276015	710.5
0.003311066	711
0.003346875	711.5
0.003653934	712
0.004372619	712.5
0.005443236	713
0.007208114	713.5
0.008059968	714
0.008764334	714.5
0.009603599	715
0.010264523	715.5
0.008720493	716
0.007580243	716.5
0.0067037	717
0.005562726	717.5
0.004179636	718
0.003347363	718.5
0.002791503	719
0.002551537	719.5
0.002532695	720
0.002514129	720.5
0.002495833	721
0.002500481	721.5
0.002524869	722
0.002549738	722.5
0.002575101	723
0.003007173	723.5
0.004226627	724
0	724.5
0	725
0	725.5
0	726
-0.001614811	726.5
-0.001157875	727
-0.001065567	727.5
-0.001152509	728
-0.001254901	728.5
-0.001377259	729
-0.001597367	729.5
-0.001964842	730
-0.00255191	730.5
-0.003639277	731
-0.003790448	731.5
-0.003721345	732
-0.003654718	732.5
-0.003192225	733
-0.002278962	733.5
-0.001772009	734
-0.001449556	734.5
0	735
0	735.5
0.003211835	736
0.004336533	736.5
0.005749447	737
0.008528013	737.5
0.010281535	738
0.010064505	738.5
0.009856447	739
0.008606646	739.5
0.007314983	740
0.006360427	740.5
0.007613695	741
0.010039092	741.5
0.01406046	742
0.018943522	742.5
0.029022892	743
0.038075138	743.5
0.045982688	744
0.055042652	744.5
0.060182087	745
0.066380123	745.5
0.070731462	746
0.075567527	746.5
0.078132291	747
0.079363094	747.5
0.080196296	748
0.080423688	748.5
0.081204226	749
0.083941759	749.5
0.086773924	750
0.089024879	750.5
0.091139071	751
0.088518325	751.5
0.086056484	752
0.08571854	752.5
0.085383239	753
0.088072878	753.5
0.091019603	754
0.088259567	754.5
0.085399681	755
0.085765312	755.5
0.086411972	756
0.088109627	756.5
0.090025065	757
0.088576509	757.5
0.086501688	758
0.086397561	758.5
0.0869087	759
0.082893456	759.5
0.077361686	760
0.072902958	760.5
0.069232643	761
0.066292172	761.5
0.06421386	762
0.062044158	762.5
0.058921293	763
0.056097729	763.5
0.057641273	764
0.059856056	764.5
0.061721828	765
0.063294575	765.5
0.064532515	766
0.063780411	766.5
0.063045636	767
0.058278558	767.5
0.052684309	768
0.048385342	768.5
0.046859402	769
0.045426768	769.5
0.046417633	770
0.050243874	770.5
0.054757584	771
0.056128317	771.5
0.056713258	772
0.057111008	772.5
0.056376577	773
0.055660796	773.5
0.055826289	774
0.056812362	774.5
0.057833896	775
0.062061598	775.5
0.067222961	776
0.071043965	776.5
0.071863977	777
0.07270314	777.5
0.06837616	778
0.064203849	778.5
0.062642054	779
0.063442452	779.5
0.064278965	780
0.06538653	780.5
0.066532931	781
0.066218332	781.5
0.064878133	782
0.063699677	782.5
0.064383209	783
0.065081569	783.5
0.065895731	784
0.066833885	784.5
0.067799139	785
0.066344209	785.5
0.064710963	786
0.063063616	786.5
0.061270582	787
0.059576689	787.5
0.057113462	788
0.054402054	788.5
0.051936421	789
0.048671541	789.5
0.045769426	790
0.04341185	790.5
0.041771217	791
0.040250076	791.5
0.03918583	792
0.038406904	792.5
0.037658341	793
0.039680019	793.5
0.042473377	794
0.045564652	794.5
0.04748307	795
0.049570132	795.5
0.051344475	796
0.051565572	796.5
0.051788581	797
0.051183107	797.5
0.049289684	798
0.04753135	798.5
0.045984826	799
0.044615848	799.5
0.043326024	800
0.042945652	800.5
0.042955721	801
0.042965796	801.5
0.033106432	802
0.026610136	802.5
0.021392518	803
0	803.5
-0.013587178	804
-0.016727303	804.5
-0.025595026	805
-0.039649567	805.5
-0.042801452	806
-0.04649772	806.5
-0.052584097	807
-0.060546258	807.5
-0.0680167	808
-0.075462491	808.5
-0.081152325	809
-0.081269993	809.5
-0.081408949	810
-0.081699973	810.5
-0.081993085	811
-0.083305055	811.5
-0.084742251	812
-0.086716721	812.5
-0.088954965	813
-0.091196851	813.5
-0.093473503	814
-0.095503693	814.5
-0.09718241	815
-0.097608178	815.5
-0.095648587	816
-0.093423019	816.5
-0.090406571	817
-0.088528835	817.5
-0.090384809	818
-0.091981308	818.5
-0.092128282	819
-0.092360002	819.5
-0.093014663	820
-0.093873229	820.5
-0.096048991	821
-0.09794359	821.5
-0.09707531	822
-0.095305287	822.5
-0.088428899	823
-0.083363297	823.5
-0.083084297	824
-0.083843629	824.5
-0.089783701	825
-0.093691096	825.5
-0.082593887	826
-0.073571923	826.5
-0.061128329	827
-0.052285086	827.5
-0.043668834	828
-0.037344365	828.5
0	829
0.011489607	829.5
0.012868639	830
0.022756735	830.5
0.042732992	831
0.045359638	831.5
0.04781731	832
0.046347973	832.5
0.044966243	833
0.030612797	833.5
0.021608113	834
0.017795667	834.5
0	835
-0.015877478	835.5
-0.022574861	836
-0.039044459	836.5
-0.054647738	837
-0.063420404	837.5
-0.071523464	838
-0.075065545	838.5
-0.078885419	839
-0.082487211	839.5
-0.086433643	840
-0.087090848	840.5
-0.08757746	841
-0.092446299	841.5
-0.09890941	842
-0.1052831	842.5
-0.112208991	843
-0.112121785	843.5
-0.11011285	844
-0.115496477	844.5
-0.122978015	845
-0.126763668	845.5
-0.128503832	846
-0.120058495	846.5
-0.114911874	847
-0.113543514	847.5
-0.114273537	848
-0.116278643	848.5
-0.116474445	849
-0.11598312	849.5
-0.108922604	850
-0.102499153	850.5
-0.096102942	851
-0.090777002	851.5
-0.086929831	852
-0.081607291	852.5
-0.072177755	853
-0.06508023	853.5
-0.060687437	854
-0.05696988	854.5
-0.054780609	855
-0.052753373	855.5
-0.053846498	856
-0.055137467	856.5
-0.05478779	857
-0.053937545	857.5
-0.032867501	858
-0.018256792	858.5
-0.013432246	859
0	859.5
0.025216316	860
0.033007485	860.5
0.039998053	861
0.04957812	861.5
0.050478316	862
0.051411807	862.5
0.050470329	863
0.047171633	863.5
0.044277683	864
0.041266346	864.5
0.038423082	865
0.035946366	865.5
0.032779306	866
0.029947954	866.5
0.027566835	867
0.025678433	867.5
0.024036033	868
0.02285509	868.5
0.023413755	869
0.024000415	869.5
0.021642808	870
0.016264229	870.5
0.013026852	871
0.013721989	871.5
0	872
-0.024164071	872.5
-0.031128408	873
-0.043732597	873.5
-0.056814757	874
-0.062182097	874.5
-0.06856026	875
-0.071266088	875.5
-0.074194271	876
-0.076203086	876.5
-0.077415779	877
-0.078222015	877.5
-0.076771684	878
-0.075374156	878.5
-0.067930663	879
-0.060729666	879.5
-0.05550687	880
-0.051719969	880.5
-0.047139283	881
-0.035103178	881.5
-0.027963292	882
0	882.5
0	883
0.017809557	883.5
0.024830228	884
0.040988047	884.5
0.049379443	885
0.057728853	885.5
0.064763625	886
0.067841366	886.5
0.07107984	887
0.072022652	887.5
0.072990811	888
0.076545247	888.5
0.081775001	889
0.083498094	889.5
0.078842463	890
0.074165604	890.5
0.066151863	891
0.059701046	891.5
0.058267497	892
0.057519686	892.5
0.033482113	893
0.020453762	893.5
0.018840026	894
0	894.5
-0.036573902	895
-0.043611073	895.5
-0.054001476	896
-0.056765564	896.5
-0.05892499	897
-0.059481461	897.5
-0.058783605	898
-0.058660583	898.5
-0.061502863	899
-0.064634603	899.5
-0.067241111	900
-0.069709424	900.5
-0.071959997	901
-0.07300607	901.5
-0.074083005	902
-0.073779786	902.5
-0.073004168	903
-0.071156382	903.5
-0.066346574	904
-0.062145833	904.5
-0.058516531	905
-0.055309637	905.5
-0.051931724	906
-0.047517062	906.5
-0.043794166	907
-0.043072374	907.5
-0.043585092	908
-0.044267501	908.5
-0.046772941	909
-0.049578999	909.5
-0.050944396	910
-0.049967121	910.5
-0.049026636	911
-0.04981221	911.5
-0.051521623	912
-0.05335253	912.5
-0.052930868	913
-0.052170149	913.5
-0.051430986	914
-0.048863296	914.5
-0.046476038	915
-0.044311179	915.5
-0.043935107	916
-0.043608879	916.5
-0.04328746	917
-0.0385525	917.5
-0.034473432	918
-0.03117495	918.5
-0.024201247	919
-0.019379115	919.5
-0.016159343	920
-0.016625736	920.5
-0.018135748	921
-0.019947451	921.5
-0.021091338	922
-0.021799232	922.5
-0.022556295	923
-0.022561851	923.5
-0.021588158	924
-0.020695031	924.5
-0.020173237	925
-0.021470836	925.5
-0.02294684	926
-0.02464076	926.5
-0.025413267	927
-0.02593601	927.5
-0.026480709	928
-0.026909722	928.5
-0.027150378	929
-0.027395377	929.5
-0.027625442	930
-0.027236293	930.5
-0.026857955	931
-0.026489984	931.5
-0.023620489	932
-0.020392796	932.5
-0.01794117	933
-0.016324998	933.5
-0.01537437	934
-0.014528363	934.5
-0.014740886	935
-0.017669436	935.5
-0.022050095	936
-0.026727694	936.5
-0.027813356	937
-0.028990951	937.5
-0.028458947	938
-0.025939566	938.5
-0.023829974	939
-0.024734481	939.5
-0.027864297	940
-0.031900932	940.5
-0.034875144	941
-0.038241426	941.5
-0.040159606	942
-0.03771256	942.5
-0.035546598	943
-0.035433644	943.5
-0.035797784	944
-0.034154724	944.5
-0.030125172	945
-0.025265567	945.5
0	946
0.009292162	946.5
0.015040066	947
0.037613356	947.5
0.047271811	948
0.061881319	948.5
0.080897437	949
0.101251402	949.5
0.115557855	950
0.125051912	950.5
0.132649906	951
0.129524187	951.5
0.126655208	952
0.124122625	952.5
0.123853648	953
0.124715908	953.5
0.125049496	954
0.12762304	954.5
0.136040961	955
0.138294041	955.5
0.135700993	956
0.140664293	956.5
0.148010087	957
0.159681426	957.5
0.160316151	958
0.153164253	958.5
0.160963238	959
0.167459532	959.5
0.172109377	960
0.159975019	960.5
0.152446488	961
0.148789464	961.5
0.149665988	962
0.14661857	962.5
0.137929945	963
0.116729019	963.5
0.099789699	964
0.094364117	964.5
0.090743283	965
0.089522504	965.5
0.084403614	966
0.077180607	966.5
0.074512086	967
0.073600934	967.5
0.074412757	968
0.075759977	968.5
0.073977174	969
0.071668481	969.5
0.067512767	970
0.063415859	970.5
0.054724656	971
0.046639901	971.5
0.039968292	972
0.034442505	972.5
0.031001053	973
0.030765028	973.5
0.030532571	974
0.02621136	974.5
0.022448272	975
0.016462325	975.5
0.010679961	976
0.007903774	976.5
0.00204684	977
0.001084753	977.5
0.000821354	978
0	978.5
-0.001614306	979
-0.002612163	979.5
0	980
0	980.5
0	981
-0.001717324	981.5
-0.001066823	982
-0.00128997	982.5
0	983
0	983.5
0	984
0.013277005	984.5
0.008463008	985
0.008834532	985.5
0.011111567	986
0.014969963	986.5
0.018679627	987
0.021573095	987.5
0.025527259	988
0.028768551	988.5
0.029321262	989
0.029895627	989.5
0.03001031	990
0.027774172	990.5
0.025848165	991
0.024171954	991.5
0.024221726	992
0.024470743	992.5
0.024724934	993
0.024247854	993.5
0.023442633	994
0.022689172	994.5
0.020672638	995
0.017992672	995.5
0.015927817	996
0.015694135	996.5
0.017904958	997
0.020840786	997.5
0.024427623	998
0.028478238	998.5
0.034139245	999
0.039415916	999.5
0.040817542	1000
0.042322528	1000.5
0.043409586	1001
0.043605184	1001.5
0.043802552	1002
0.04508048	1002.5
0.048578683	1003
0.052665476	1003.5
0.05500622	1004
0.053528064	1004.5
0.052127272	1005
0.049254307	1005.5
0.044867449	1006
0.041198119	1006.5
0.041466251	1007
0.045269815	1007.5
0.049841623	1008
0.05093029	1008.5
0.050372936	1009
0.049827649	1009.5
0.033208168	1010
0.024676773	1010.5
0.016762684	1011
0.010527889	1011.5
0.007673697	1012
0.007542584	1012.5
0.007779202	1013
0.00819233	1013.5
0	1014
-0.01005136	1014.5
-0.015924877	1015
-0.038313233	1015.5
-0.053832865	1016
-0.070676192	1016.5
-0.081667529	1017
-0.08957716	1017.5
-0.093546997	1018
-0.094663484	1018.5
-0.096357203	1019
-0.098584337	1019.5
-0.099876984	1020
-0.100253106	1020.5
-0.098818064	1021
-0.096049327	1021.5
-0.09679856	1022
-0.099742506	1022.5
-0.103745472	1023
-0.108471684	1023.5
-0.108797105	1024
-0.107968655	1024.5
-0.1080597	1025
-0.108220628	1025.5
-0.106966973	1026
-0.105248067	1026.5
-0.10124493	1027
-0.099532294	1027.5
-0.10233693	1028
-0.104094443	1028.5
-0.10437317	1029
-0.103414941	1029.5
-0.101427865	1030
-0.101415146	1030.5
-0.102709191	1031
-0.103098542	1031.5
-0.10297559	1032
-0.102153437	1032.5
-0.100990153	1033
-0.100259823	1033.5
-0.099770917	1034
-0.100531049	1034.5
-0.102199731	1035
-0.103051453	1035.5
-0.103207708	1036
-0.096733182	1036.5
-0.086033135	1037
-0.077337276	1037.5
-0.070111163	1038
-0.06826977	1038.5
-0.074009604	1039
-0.079221238	1039.5
-0.081539446	1040
-0.082027452	1040.5
-0.077225971	1041
-0.073115004	1041.5
-0.070055947	1042
-0.067967949	1042.5
-0.073043126	1043
-0.078937393	1043.5
-0.080321441	1044
-0.081689673	1044.5
-0.079322133	1045
-0.076395714	1045.5
-0.076632977	1046
-0.078469472	1046.5
-0.079288371	1047
-0.078933851	1047.5
-0.077086796	1048
-0.071091057	1048.5
-0.065960696	1049
-0.061486099	1049.5
-0.057578144	1050
-0.0546256	1050.5
-0.052245295	1051
-0.049333826	1051.5
-0.045031074	1052
-0.041418659	1052.5
-0.039901974	1053
-0.038703408	1053.5
-0.038370976	1054
-0.03915259	1054.5
-0.039966709	1055
-0.039496236	1055.5
-0.03891377	1056
-0.037761177	1056.5
-0.035609617	1057
-0.033690024	1057.5
-0.032976603	1058
-0.032718317	1058.5
-0.032421023	1059
-0.029981043	1059.5
-0.027882619	1060
-0.019299801	1060.5
-0.009773149	1061
-0.006543289	1061.5
-0.005356511	1062
0	1062.5
0.004556258	1063
0.00367732	1063.5
0.00291847	1064
0.002419237	1064.5
0.001679668	1065
0.001244611	1065.5
0.00098856	1066
0	1066.5
0	1067
-0.001536121	1067.5
-0.001986016	1068
-0.002816211	1068.5
-0.004839021	1069
-0.006308418	1069.5
-0.008479414	1070
-0.012928746	1070.5
-0.015835516	1071
-0.018628477	1071.5
-0.02261762	1072
-0.024171987	1072.5
-0.024158433	1073
-0.024144893	1073.5
-0.023989487	1074
-0.023703027	1074.5
-0.023423327	1075
-0.023340458	1075.5
-0.023644381	1076
-0.023956324	1076.5
-0.024621	1077
-0.026432818	1077.5
-0.028532475	1078
-0.031280667	1078.5
-0.035460087	1079
-0.040928566	1079.5
-0.04620269	1080
-0.049896553	1080.5
-0.054232384	1081
-0.056254569	1081.5
-0.056867803	1082
-0.057494553	1082.5
-0.051058796	1083
-0.045497438	1083.5
-0.040955991	1084
-0.037032521	1084.5
-0.03379505	1085
-0.033880543	1085.5
-0.036050092	1086
-0.038505425	1086.5
-0.038369982	1087
-0.038235489	1087.5
-0.035319686	1088
-0.029620371	1088.5
-0.025504819	1089
-0.017071348	1089.5
-0.012093774	1090
-0.008598205	1090.5
0	1091
0.002292833	1091.5
0.002093183	1092
0.003217384	1092.5
0.006950155	1093
0.01252261	1093.5
0.016453891	1094
0.023336103	1094.5
0.02917167	1095
0.038898986	1095.5
0.048774897	1096
0.056699497	1096.5
0.06652789	1097
0.069222769	1097.5
0.072145191	1098
0.070844529	1098.5
0.067660255	1099
0.065056025	1099.5
0.063433562	1100
0.061890058	1100.5
0.065870152	1101
0.071159591	1101.5
0.075247203	1102
0.077725177	1102.5
0.079565572	1103
0.075784368	1103.5
0.072346249	1104
0.072750351	1104.5
0.074653966	1105
0.076210594	1105.5
0.076907306	1106
0.077616874	1106.5
0.075541919	1107
0.073371071	1107.5
0.072943579	1108
0.074029468	1108.5
0.075365224	1109
0.078115892	1109.5
0.081074953	1110
0.083105912	1110.5
0.08487072	1111
0.084101526	1111.5
0.079804217	1112
0.076213703	1112.5
0.076213703	1113
0.076213703	1113.5
0.079163634	1114
0.08326391	1114.5
0.085564553	1115
0.085667613	1115.5
0.085313623	1116
0.083356094	1116.5
0.081486381	1117
0.080899215	1117.5
0.080370533	1118
0.080170922	1118.5
0.080089128	1119
0.078125551	1119.5
0.074769887	1120
0.072133629	1120.5
0.070572089	1121
0.069072033	1121.5
0.067520753	1122
0.066037623	1122.5
0.062249407	1123
0.05799401	1123.5
0.05573265	1124
0.057133223	1124.5
0.058606004	1125
0.061324038	1125.5
0.064534556	1126
0.06659906	1126.5
0.066146036	1127
0.065699134	1127.5
0.062046969	1128
0.058199963	1128.5
0.055387666	1129
0.05448283	1129.5
0.053607081	1130
0.05590847	1130.5
0.060320139	1131
0.065057731	1131.5
0.064321519	1132
0.063601784	1132.5
0.062198932	1133
0.060032505	1133.5
0.058011915	1134
0.056221611	1134.5
0.054563843	1135
0.052935209	1135.5
0.050766467	1136
0.048768436	1136.5
0.047289462	1137
0.046630893	1137.5
0.045990415	1138
0.045506991	1138.5
0.045165857	1139
0.044829801	1139.5
0.044923016	1140
0.045270668	1140.5
0.045623743	1141
0.044135414	1141.5
0.041937657	1142
0.039948396	1142.5
0.039200532	1143
0.039070069	1143.5
0.038940471	1144
0.039039867	1144.5
0.039307511	1145
0.039578851	1145.5
0.039106795	1146
0.037748522	1146.5
0.036481434	1147
0.035841447	1147.5
0.037063942	1148
0.038372776	1148.5
0.039777432	1149
0.039426944	1149.5
0.039057789	1150
0.038695483	1150.5
0.036909636	1151
0.034693825	1151.5
0.032728992	1152
0.030539902	1152.5
0.027912268	1153
0.025700973	1153.5
0.023814329	1154
0.021485094	1154.5
0.019553504	1155
0.017940579	1155.5
0.017666317	1156
0.018352126	1156.5
0.019093333	1157
0.019913437	1157.5
0.021022552	1158
0.022262502	1158.5
0.023657889	1159
0.023667976	1159.5
0.022340703	1160
0.021154389	1160.5
0.020087712	1161
0.017362186	1161.5
0.015104866	1162
0.013366977	1162.5
0.012143203	1163
0.011613959	1163.5
0.01112892	1164
0.010682771	1164.5
0.010489934	1165
0.010517193	1165.5
0.010544594	1166
0.010572137	1166.5
0.010862629	1167
0.011268383	1167.5
0.011705625	1168
0.012178169	1168.5
0.012408293	1169
0.012627713	1169.5
0.012855034	1170
0.012826944	1170.5
0.009814054	1171
0.007947326	1171.5
0.006677249	1172
0.004235999	1172.5
0	1173
0	1173.5
-0.000642926	1174
-0.000546867	1174.5
-0.000692616	1175
-0.000944282	1175.5
-0.001483219	1176
-0.002764997	1176.5
-0.002989133	1177
-0.003252812	1177.5
-0.003567511	1178
-0.003655407	1178.5
-0.002780374	1179
-0.002243358	1179.5
-0.001880205	1180
-0.001599236	1180.5
0	1181
0	1181.5
0.000916191	1182
0.00080201	1182.5
0.001045789	1183
0.001523318	1183.5
0	1184
0	1184.5
0	1185
0	1185.5
-0.001155443	1186
-0.000852177	1186.5
-0.000833391	1187
-0.000954312	1187.5
-0.00111628	1188
-0.001344465	1188.5
0	1189
0	1189.5
0	1190
0	1190.5
0	1191
0	1191.5
0	1192
0.001220981	1192.5
0.000923761	1193
0.000809435	1193.5
0.000735118	1194
0.0006733	1194.5
0.000621072	1195
0.000687728	1195.5
0.000949819	1196
0	1196.5
0	1197
0	1197.5
0	1198
-0.000862368	1198.5
-0.000606927	1199
-0.000572455	1199.5
-0.000811177	1200
0	1200.5
0	1201
0	1201.5
0	1202
0.002593869	1202.5
0.00187375	1203
0.002086117	1203.5
0.002387962	1204
0.002791933	1204.5
0.003005313	1205
0.00285479	1205.5
0.002718625	1206
0.002611919	1206.5
0.002813307	1207
0.003048345	1207.5
0.003326235	1208
0.003634896	1208.5
0.004000097	1209
0.004446877	1209.5
0.004437722	1210
0.004255671	1210.5
0.004087969	1211
0.003724221	1211.5
0.003373537	1212
0.003083212	1212.5
0.003462627	1213
0.003996808	1213.5
0.004707392	1214
0.005649595	1214.5
0.007063352	1215
0.00814686	1215.5
0.009060219	1216
0.01004245	1216.5
0.010826896	1217
0.011744277	1217.5
0.015855307	1218
0.024430059	1218.5
0.034933719	1219
0.052381914	1219.5
0.069536096	1220
0.080890705	1220.5
0.087078429	1221
0.086724093	1221.5
0.090281821	1222
0.098691287	1222.5
0.106086458	1223
0.112160127	1223.5
0.113661037	1224
0.112270439	1224.5
0.116834367	1225
0.123939138	1225.5
0.125968294	1226
0.127335017	1226.5
0.126540327	1227
0.126542475	1227.5
0.127827896	1228
0.123880474	1228.5
0.11777274	1229
0.108354101	1229.5
0.100890287	1230
0.095986583	1230.5
0.096347633	1231
0.101110385	1231.5
0.088841364	1232
0.075452557	1232.5
0.05402062	1233
0.041181405	1233.5
0.041592433	1234
0.041266292	1234.5
0.014850936	1235
0.009517296	1235.5
0	1236
-0.034911854	1236.5
-0.043625349	1237
-0.053893202	1237.5
-0.056399586	1238
-0.055054785	1238.5
-0.050578877	1239
-0.04400614	1239.5
-0.039886684	1240
-0.040956076	1240.5
-0.04208439	1241
-0.042690233	1241.5
-0.04315416	1242
-0.041650541	1242.5
-0.036849341	1243
-0.033040635	1243.5
-0.026723148	1244
-0.021850775	1244.5
-0.015603597	1245
-0.006958569	1245.5
-0.004477727	1246
-0.003698891	1246.5
0	1247
0.003561888	1247.5
0.003846398	1248
0.00442326	1248.5
0.00520368	1249
0.005904575	1249.5
0.006709141	1250
0.00776756	1250.5
0.008192118	1251
0.008530888	1251.5
0.008898884	1252
0.008968418	1252.5
0.008986469	1253
0.009004593	1253.5
0.008832182	1254
0.00860615	1254.5
0.008391399	1255
0.006972772	1255.5
0.005419762	1256
0.004432528	1256.5
0.003546504	1257
0	1257.5
0	1258
-0.002012517	1258.5
-0.00268751	1259
-0.004043784	1259.5
-0.007168236	1260
-0.007898162	1260.5
-0.008793594	1261
-0.008782411	1261.5
-0.006420533	1262
-0.00505979	1262.5
-0.00500037	1263
-0.006578386	1263.5
-0.009611621	1264
-0.013747968	1264.5
-0.021597033	1265
-0.038924956	1265.5
-0.044716888	1266
-0.052533777	1266.5
-0.06	1267
-0.07	1267.5
